;Project Name      : IS1677SM_101_SPP;
;ROM Information   : 5050_SPP;
;ROM Version       : 2020;
;E2PROM_Table_Version : 0200;
;UI Version        : MPET 2.1.11.3587;
;Date              : 13/12/11 18:50:00;
;CheckSum          : 0F87;

;;;     0  1  2  3  4  5  6  7       8  9  A  B  C  D  E  F
0000    00 00 50 67 11 00 01 04      04 24 00 44 75 61 6C 2D ;
0010    53 50 50 00 00 00 00 00      00 00 00 10 00 21 00 AE ;
0020    01 03 0B BF 06 F6 7E C8      1D 19 87 02 04 06 04 0E ;
0030    04 1D 04 33 04 36 03 00      00 52 5A BA D8 E2 ED F0 ;
0040    00 00 00 22 44 10 11 44      65 00 01 30 30 30 30 00 ;
0050    00 00 00 00 00 00 00 00      00 00 00 00 00 00 00 00 ;
0060    00 00 00 00 00 00 00 00      00 00 00 00 00 00 00 00 ;
0070    00 00 00 00 00 00 00 00      00 00 00 00 00 00 00 00 ;
0080    00 00 00 00 00 00 00 00      00 00 00 00 00 00 00 00 ;
0090    00 00 00 00 00 00 00 00      00 00 00 00 00 00 00 00 ;
00A0    00 00 00 00 00 00 00 00      00 00 00 00 00 00 00 00 ;
00B0    00 01 00 00 0C 01 00 01      03 20 04 00 7D 00 0C FF ;
00C0    FF 01 00 2E 00 00 00 00      0C 00 00 08 00 08 00 00 ;
00D0    01 00 1F 40 00 0A 04 01      BA B0 00 08 01 90 00 02 ;
00E0    02 00 00 00 00 02 00 02      C1 01 CA 18 10 00 22 05 ;
00F0    00 05 00 05 00 00 00 01      00 01 00 02 00 00 00 03 ;

;;;     0  1  2  3  4  5  6  7       8  9  A  B  C  D  E  F
0100    00 03 00 04 00 00 00 01      00 02 00 03 00 00 00 3C ;
0110    00 1E 00 1E 00 00 00 0A      53 65 72 69 61 6C 50 6F ;
0120    72 74 00 00 00 00 00 00      43 36 50 36 34 4A 32 4D ;
0130    5A 58 00 00 00 00 00 00      00 00 00 00 00 00 00 00 ;
0140    00 00 00 00 00 00 00 00      00 00 00 00 00 00 00 00 ;
0150    00 00 42 54 35 30 35 30      00 00 00 00 00 00 00 00 ;
0160    00 00 30 30 30 30 00 00      00 00 00 00 00 00 00 00 ;
0170    00 00 00 39 50 50 01 20      00 01 43 68 61 74 62 6F ;
0180    61 72 64 00 00 00 00 00      00 00 01 00 00 01 00 00 ;
0190    49 53 53 43 00 00 00 00      00 00 00 00 00 00 00 00 ;
01A0    42 4D 37 37 00 00 00 00      00 00 00 00 00 00 00 00 ;
01B0    56 32 00 00 00 00 00 00      00 00 00 00 00 00 00 00 ;
01C0    00 00 01 00 06 01 03 01      00 04 03 06 07 08 02 00 ;
01D0    00 00 00 00 00 00 00 00      00 00 00 00 00 00 00 00 ;
01E0    00 00 00 00 00 00 00 00      00 00 00 00 00 00 AA 55 ;
01F0    02 01 FF FF FF FF FF FF      FF FF FF FF FF FF FF FF ;

;;;     0  1  2  3  4  5  6  7       8  9  A  B  C  D  E  F
0200    04 33 00 11 11 11 11 11      40 00 28 9A 07 01 0A 30 ;
0210    36 55 40 00 0F 08 B0 F0      2F 00 0F FF 17 16 F7 66 ;
0220    F5 44 56 44 E1 24 C0 72      58 C0 3E 80 00 04 3F F4 ;
0230    00 02 10 03 5F 10 7F 00      55 00 40 00 6B A0 00 40 ;
0240    24 44 F7 66 0C 90 0B 33      68 8C 0D CF 0C 00 F5 44 ;
0250    56 44 0C 03 F0 7A 42 10      9A A1 24 44 B0 F0 B0 F0 ;
0260    B0 F0 21 01 8F 80 00 00      00 A1 0B 01 D6 12 C5 44 ;
0270    55 44 00 22 00 26 00 9C      88 00 00 00 4E CD CC 30 ;
0280    44 40 30 00 38 10 21 24      28 42 52 5E 9D 4B 86 00 ;
0290    9B 05 31 CB 0F 63 10 30      11 13 1B 11 2A 24 64 11 ;
02A0    20 0F 1E 46 87 20 A0 50      62 08 01 0D 10 80 01 72 ;
02B0    6D 02 58 00 02 80 46 03      60 02 30 01 00 0C 01 E1 ;
02C0    07 8C 0C 13 00 00 0B 27      02 03 02 02 05 00 04 04 ;
02D0    B5 99 01 69 96 00 00 00      00 00 00 00 00 00 00 00 ;
02E0    00 00 00 00 00 00 00 00      00 00 00 00 00 00 00 00 ;
02F0    00 00 00 00 00 00 00 00      00 00 00 00 00 00 00 00 ;

;;;     0  1  2  3  4  5  6  7       8  9  A  B  C  D  E  F
0300    00 00 00 00 00 00 00 00      00 00 00 00 00 00 00 00 ;
0310    00 00 00 00 00 00 00 00      00 00 00 00 00 AA 55 FF ;
0320    FF FF FF FF FF FF FF FF      FF FF FF FF FF FF FF FF ;
0330    00 00 00 00 00 00 00 00      00 00 00 00 00 00 00 00 ;
0340    00 00 00 00 00 00 00 00      00 00 00 00 00 00 00 00 ;
0350    63 6F 6D 2E 69 73 73 63      2E 64 61 74 61 70 61 74 ;
0360    68 00 00 00 00 00 00 00      00 00 00 00 00 00 00 00 ;
0370    00 00 00 00 00 00 00 00      00 00 00 00 00 00 00 00 ;
0380    63 6F 6D 2E 69 73 73 63      2D 74 65 63 68 00 00 00 ;
0390    00 00 00 00 00 00 00 00      00 00 00 00 00 00 00 00 ;
03A0    00 00 00 00 00 00 00 00      00 00 00 00 00 00 00 00 ;
03B0    49 53 53 43 00 00 00 00      00 00 00 00 00 00 00 00 ;
03C0    00 00 00 00 30 30 30 30      00 00 00 00 00 00 00 00 ;
03D0    00 00 00 00 00 00 00 00      00 00 00 00 00 01 00 04 ;
03E0    00 00 00 00 00 00 00 00      00 00 00 00 00 00 00 00 ;
03F0    42 4D 37 37 53 50 50 30      35 00 00 00 00 00 00 00 ;
